3,2
10,151
10,245
10,15
10,125
10,115
10,293
10,107
10,161
11,18
11,17
11,23
9,5
8,9
8,5
61,3
61,1
54,4
54,3
54,1
52,4
52,3
52,1
51,4
51,3
51,1
44,5
44,4
44,3
44,2
44,1
44,0
42,5
42,4
42,3
42,2
42,1
42,0
41,5
41,4
41,3
41,2
41,1
41,0
38,3
38,1
37,3
37,1
33,3
33,1
20,3
20,2
20,1
12,3
12,2
12,1
11,30
11,29
11,28
11,27
11,25
11,24
19,2
19,1
11,22
11,19
19,3
11,16
11,12
11,7
11,6
11,3
11,2
11,1
10,298
10,254
10,244
10,228
10,224
10,196
10,192
10,182
10,180
10,118
18,1
10,86
10,84
18,3
10,64
10,30
14,1
10,14
10,3
14,3
13,1
10,2
10,1
9,7
9,6
9,4
9,3
13,3
9,2
9,1
8,18
8,17
8,16
